|C400|2D|MP-2100 TH FI|BE051475610000213675|001|
|C405|06012017|4|000548|008979|1193468,48|5440,24|
|C420|OPNF|0,01|||
|C420|F1|5440,24|||
|C460|2D|00|008964|06012017|170,52|0|0|02594028347|EVA MARIA DA SILVA|
|C470|7898040321420|4,000||CX|126,36|060|5929|0,00|0|0|
|C470|7896658004704|3,000||CX|44,16|060|5929|0,00|0|0|
|C460|2D|00|008965|06012017|317,66|0|0|04943824307|FRANCISCO ANTONIO DO NASCIMENT|
|C470|7896181919391|3,000||CX|165,66|060|5929|0,00|0|0|
|C470|7897129301513|4,000||CX|152,00|060|5929|0,00|0|0|
|C460|2D|00|008966|06012017|154,88|0|0|81844352315|JOSE CESARIO DE LIMA|
|C470|7897129301506|4,000||CX|154,88|060|5929|0,00|0|0|
|C460|2D|00|008967|06012017|134,68|0|0|30707959861|TADEU JOSE BATISTA|
|C470|7896658002229|6,000||CX|79,80|060|5929|0,00|0|0|
|C470|7891317455569|2,000||CX|54,88|060|5929|0,00|0|0|
|C460|2D|00|008968|06012017|201,98|0|0|04123932398|ROBERTO JERONIMO DA COSTA SILV|
|C470|7894916508513|2,000||CX|126,50|060|5929|0,00|0|0|
|C470|7891317489564|2,000||CX|75,48|060|5929|0,00|0|0|
|C460|2D|00|008969|06012017|283,26|0|0|92422837387|MARLENE MATILDES ALVES|
|C470|7891317465650|6,000||CX|283,26|060|5929|0,00|0|0|
|C460|2D|00|008970|06012017|186,78|0|0|65418778315|GRACIMILDA MARIA DOS SANTOS|
|C470|7896112411192|3,000||CX|186,78|060|5929|0,00|0|0|
|C460|2D|00|008972|06012017|671,76|0|0|88721167320|MARIA MADALENA DE LIMA SILVA|
|C470|7891317457341|3,000||CX|502,26|060|5929|0,00|0|0|
|C470|7896206406769|1,000||CX|169,50|060|5929|0,00|0|0|
|C460|2D|00|008973|06012017|534,36|0|0|03517308340|JOSEFA  FRANCISCA DA CONCEI€AO|
|C470|7896004742076|3,000||CX|534,36|060|5929|0,00|0|0|
|C460|2D|00|008974|06012017|421,71|0|0|98536761334|MARIA JOSEFA COSTA|
|C470|7895296128162|3,000||CX|421,71|060|5929|0,00|0|0|
|C460|2D|00|008975|06012017|428,88|0|0|04880873330|JOSEFA JOANA DA CONCEI€AO|
|C470|7897595605955|3,000||CX|428,88|060|5929|0,00|0|0|
|C460|2D|00|008976|06012017|864,91|0|0|02314903307|JOSE DOMICIANO ALVES FILHO|
|C470|7897595605955|3,000||CX|428,88|060|5929|0,00|0|0|
|C470|7891317450922|1,000||CX|115,91|060|5929|0,00|0|0|
|C470|7896179850026|1,000||CX|69,75|060|5929|0,00|0|0|
|C470|7891317003739|1,000||CX|111,83|060|5929|0,00|0|0|
|C470|7891317421755|1,000||CX|102,95|060|5929|0,00|0|0|
|C470|7891317006570|1,000||CX|35,59|060|5929|0,00|0|0|
|C460|2D|00|008977|06012017|1068,86|0|0|00000000000000||
|C470|7894916508971|3,000||CX|601,11|060|5929|0,00|0|0|
|C470|7897337709026|1,000||CX|153,66|060|5929|0,00|0|0|
|C470|7896281152018|1,000||CX|157,66|060|5929|0,00|0|0|
|C470|7896658021268|1,000||CX|156,43|060|5929|0,00|0|0|
|C490|060|5929|0|5440,24|0|0||
|C405|07012017|4|000549|008996|1198432,27|4963,79|
|C420|OPNF|0,01|||
|C420|F1|4963,79|||
|C460|2D|00|008983|07012017|405,89|0|0|65418778315|GRACIMILDA MARIA DOS SANTOS|
|C470|7891142115973|2,000||CX|194,54|060|5929|0,00|0|0|
|C470|7896422513975|6,000||CX|101,88|060|5929|0,00|0|0|
|C470|7896070600669|6,000||CX|48,42|060|5929|0,00|0|0|
|C470|7896261000094|3,000||CX|61,05|060|5929|0,00|0|0|
|C460|2D|00|008984|07012017|557,68|0|0|04330156326|DANIELA CREUZA DOS SANTOS|
|C470|7896261005747|4,000||CX|557,68|060|5929|0,00|0|0|
|C460|2D|00|008985|07012017|207,56|0|0|82013721315|JOSE DOS SANTOS CARVALHO|
|C470|7896658001918|1,000||CX|15,99|060|5929|0,00|0|0|
|C470|7896261013483|2,000||CX|66,44|060|5929|0,00|0|0|
|C470|7896026300117|6,000||CX|78,30|060|5929|0,00|0|0|
|C470|7891317412708|3,000||CX|46,83|060|5929|0,00|0|0|
|C460|2D|00|008986|07012017|190,62|0|0|68458878453|MARIA LUISA DA SILVA|
|C470|7891317455569|2,000||CX|54,88|060|5929|0,00|0|0|
|C470|7891317000295|2,000||CX|84,18|060|5929|0,00|0|0|
|C470|7896317900408|1,000||CX|51,56|060|5929|0,00|0|0|
|C460|2D|00|008987|07012017|115,28|0|0|00364195320|MARIA HELDA DE PAIVA COSTA|
|C470|7898495603966|4,000||CX|51,60|060|5929|0,00|0|0|
|C470|7896269900631|2,000||CX|63,68|060|5929|0,00|0|0|
|C460|2D|00|008988|07012017|344,24|0|0|65568087334|MARIA JOSE DA SILVA CARVALHO|
|C470|7896269900631|5,000||CX|159,20|060|5929|0,00|0|0|
|C470|7898505091400|2,000||CX|72,24|060|5929|0,00|0|0|
|C470|7891106906944|2,000||CX|112,80|060|5929|0,00|0|0|
|C460|2D|00|008990|07012017|534,36|0|0|00000000000000||
|C470|7896004742113|3,000||CX|534,36|060|5929|0,00|0|0|
|C460|2D|00|008991|07012017|601,11|0|0|09902825893|FRANCISCA DA CONCEI€AO SANTOS|
|C470|7894916508971|3,000||CX|601,11|060|5929|0,00|0|0|
|C460|2D|00|008992|07012017|460,78|0|0|03253941302|MARIA DE LOURDES DE CARVALHO|
|C470|7891317450922|3,000||CX|347,73|060|5929|0,00|0|0|
|C470|7896004738390|1,000||CX|113,05|060|5929|0,00|0|0|
|C460|2D|00|008993|07012017|502,26|0|0|96684119353|MARIA JOSEFA DA LUZ NUNES|
|C470|7891317457341|3,000||CX|502,26|060|5929|0,00|0|0|
|C460|2D|00|008994|07012017|1044,01|0|0|04793171354|ALINE MARIA DE SOUSA|
|C470|7896206406769|3,000||CX|508,50|060|5929|0,00|0|0|
|C470|7891317421755|1,000||CX|102,95|060|5929|0,00|0|0|
|C470|7897595605955|1,000||CX|142,96|060|5929|0,00|0|0|
|C470|7891317003739|1,000||CX|111,83|060|5929|0,00|0|0|
|C470|7897337706421|1,000||CX|177,77|060|5929|0,00|0|0|
|C490|060|5929|0|4963,79|0|0||
|C405|09012017|4|000550|009012|1202772,02|4339,75|
|C420|OPNF|20,00|||
|C420|F1|4339,75|||
|C460|2D|00|009000|09012017|504,92|0|0|98536761334|MARIA JOSEANA COSTA|
|C470|7891317498795|4,000||CX|504,92|060|5929|0,00|0|0|
|C460|2D|00|009001|09012017|436,30|0|0|04880873330|JOSEFA JOANA DA CONCEICAO|
|C470|7896658015205|2,000||CX|436,30|060|5929|0,00|0|0|
|C460|2D|00|009002|09012017|318,45|0|0|02314903307|JOSE DOMICIANO ALVES FILHO|
|C470|7898505090434|3,000||CX|318,45|060|5929|0,00|0|0|
|C460|2D|00|009003|09012017|239,80|0|0|04855369357|MARIA DO CARMO SANTANA E SOUSA|
|C470|7891317411923|5,000||CX|239,80|060|5929|0,00|0|0|
|C460|2D|00|009004|09012017|428,88|0|0|15905411387|ANTONIO ALVES PEREIRA|
|C470|7897595605955|3,000||CX|428,88|060|5929|0,00|0|0|
|C460|2D|00|009005|09012017|388,14|0|0|39588963320|CLEBIO JOSE DA COSTA|
|C470|7896658002700|6,000||CX|388,14|060|5929|0,00|0|0|
|C460|2D|00|009006|09012017|280,68|0|0|71676325387|JURACI BARROS SILVA|
|C470|7891317496760|4,000||CX|280,68|060|5929|0,00|0|0|
|C460|2D|00|009007|09012017|676,36|0|0|03842765398|MARIA MADALENA RODRIGUES|
|C470|7896641808456|2,000||CX|676,36|060|5929|0,00|0|0|
|C460|2D|00|009008|09012017|234,90|0|0|77669851368|MARIA DE JESUS RODRIGUES COELH|
|C470|7891317003715|3,000||CX|234,90|060|5929|0,00|0|0|
|C460|2D|00|009009|09012017|502,26|0|0|25233313812|JOSEFA ANTONIA FILHA|
|C470|7891317457341|3,000||CX|502,26|060|5929|0,00|0|0|
|C460|2D|00|009010|09012017|329,06|0|0|88762459368|MARIA JOSE MOURA DE ARAUJO|
|C470|7896658015212|2,000||CX|329,06|060|5929|0,00|0|0|
|C490|060|5929|0|4339,75|0|0||
|C405|11012017|4|000551|009019|1202772,02|0,00|
|C405|12012017|4|000552|009037|1207924,53|5152,51|
|C420|OPNF|10,00|||
|C420|F1|5152,51|||
|C460|2D|00|009023|12012017|1135,15|0|0|98536761334|MARIA JOSEFA COSTA|
|C470|7891317457341|3,000||CX|508,35|060|5929|0,00|0|0|
|C470|7896281152018|1,000||CX|159,58|060|5929|0,00|0|0|
|C470|7896658021268|1,000||CX|158,34|060|5929|0,00|0|0|
|C470|7896004738390|1,000||CX|113,05|060|5929|0,00|0|0|
|C470|7891317450922|1,000||CX|117,49|060|5929|0,00|0|0|
|C470|7891317004651|1,000||CX|78,34|060|5929|0,00|0|0|
|C460|2D|00|009024|12012017|547,29|0|0|04880873330|JOSEFA JOANA DA CONCEI€AO|
|C470|7897595605955|3,000||CX|434,10|060|5929|0,00|0|0|
|C470|7891317003739|1,000||CX|113,19|060|5929|0,00|0|0|
|C460|2D|00|009025|12012017|546,31|0|0|02314903307|JOSE DOMICIANO ALVES FILHO|
|C470|7895296128162|3,000||CX|421,71|060|5929|0,00|0|0|
|C470|7898040323806|1,000||CX|65,38|060|5929|0,00|0|0|
|C470|7891317445126|1,000||CX|59,22|060|5929|0,00|0|0|
|C460|2D|00|009026|12012017|214,59|0|0|15905411387|ANTONIO ALVES PEREIRA|
|C470|7896206406769|1,000||CX|171,57|060|5929|0,00|0|0|
|C470|7896094207851|1,000||CX|43,02|060|5929|0,00|0|0|
|C460|2D|00|009027|12012017|244,74|0|0|39588963320|CLEBIO JOSE DA COSTA|
|C470|7896658001871|3,000||CX|244,74|060|5929|0,00|0|0|
|C460|2D|00|009028|12012017|415,14|0|0|00000000000000||
|C470|7894916503488|3,000||CX|415,14|060|5929|0,00|0|0|
|C460|2D|00|009029|12012017|357,68|0|0|96684119353|MARIA JOSEFA ADA CONCEI€AO|
|C470|7898060131832|3,000||CX|53,46|060|5929|0,00|0|0|
|C470|7894916508971|1,000||CX|202,82|060|5929|0,00|0|0|
|C470|7894916509244|1,000||CX|101,40|060|5929|0,00|0|0|
|C460|2D|00|009030|12012017|312,63|0|0|04980199500|LUZINETE  LEAL DA LUZ NUNES|
|C470|7891317421755|3,000||CX|312,63|060|5929|0,00|0|0|
|C460|2D|00|009031|12012017|257,34|0|0|03099274399|ANA MARIA  DE SOUSA BATISTA|
|C470|7896206406769|1,000||CX|171,57|060|5929|0,00|0|0|
|C470|7896206402877|1,000||CX|85,77|060|5929|0,00|0|0|
|C460|2D|00|009032|12012017|223,08|0|0|72526041368|MARIA ALZIRA DOS SANTOS RODRIG|
|C470|7899420502378|3,000||CX|109,89|060|5929|0,00|0|0|
|C470|7891317003739|1,000||CX|113,19|060|5929|0,00|0|0|
|C460|2D|00|009033|12012017|518,11|0|0|01752556364|GELSON DA SILVA VELOSO|
|C470|7898505090434|3,000||CX|363,72|060|5929|0,00|0|0|
|C470|7897917001304|1,000||CX|35,81|060|5929|0,00|0|0|
|C470|7896658001789|1,000||CX|28,70|060|5929|0,00|0|0|
|C470|7891317466404|1,000||CX|89,88|060|5929|0,00|0|0|
|C460|2D|00|009035|12012017|380,45|0|0|04880873330|JOSEFA JOANA DA CONCEI€AO|
|C470|7891317468064|3,000||CX|196,17|060|5929|0,00|0|0|
|C470|7896226500515|1,000||CX|87,63|060|5929|0,00|0|0|
|C470|7896658016844|1,000||CX|45,08|060|5929|0,00|0|0|
|C470|7896641801792|1,000||CX|51,57|060|5929|0,00|0|0|
|C490|060|5929|0|5152,51|0|0||
|C405|13012017|4|000553|009055|1212290,64|4366,11|
|C420|Can-T|227,01|||
|C420|OPNF|20,00|||
|C420|F1|4139,10|||
|C460|2D|00|009041|13012017|511,08|0|0|03842765398|MARIA MADALENA RODRIGUES|
|C470|7891317498795|4,000||CX|511,08|060|5929|0,00|0|0|
|C460|2D|00|009042|13012017|317,04|0|0|77669851368|MARIA DE JESUS RODRIGUES COELH|
|C470|7891317003715|4,000||CX|317,04|060|5929|0,00|0|0|
|C460|2D|00|009043|13012017|261,88|0|0|25233313812|JOSEFA ANTONIA FILHA|
|C470|7896658002700|4,000||CX|261,88|060|5929|0,00|0|0|
|C460|2D|00|009044|13012017|578,80|0|0|88762459368|MARIA JOSE MOURA DE ARAUJO|
|C470|7897595605955|4,000||CX|578,80|060|5929|0,00|0|0|
|C460|2D|00|009045|13012017|508,35|0|0|60354182366|MARIA JOSEFA DA CONCEICAO|
|C470|7891317457341|3,000||CX|508,35|060|5929|0,00|0|0|
|C460|2D|00|009046|13012017|363,72|0|0|00543583376|ALDENI GILSON DE CARVALHO|
|C470|7898505090434|3,000||CX|363,72|060|5929|0,00|0|0|
|C460|2D|02|009047|||||||
|C460|2D|00|009049|13012017|499,62|0|0|69747881349|JOSEFA PEDRINA DE JESUS RIBEIR|
|C470|7896658015212|3,000||CX|499,62|060|5929|0,00|0|0|
|C460|2D|00|009050|13012017|177,03|0|0|04189486310|JOSIMAR DE LIMA DIAS|
|C470|7896637022415|3,000||CX|177,03|060|5929|0,00|0|0|
|C460|2D|00|009051|13012017|321,04|0|0|03142818359|GRACILENE SOUSA DOS SANTOS|
|C470|7897076918307|2,000||CX|321,04|060|5929|0,00|0|0|
|C460|2D|00|009052|13012017|458,48|0|0|82405344300|MARQUISANDRA ALVES GOMES DE LI|
|C470|7896641807053|2,000||CX|458,48|060|5929|0,00|0|0|
|C460|2D|00|009053|13012017|142,06|0|0|88721167320|MARIA MADALENA DE LIMA SILVA|
|C470|7891317496760|2,000||CX|142,06|060|5929|0,00|0|0|
|C490|060|5929|0|4139,10|0|0||
|C405|14012017|4|000554|009073|1215449,82|3159,18|
|C420|OPNF|20,00|||
|C420|F1|3159,18|||
|C460|2D|00|009059|14012017|511,08|0|0|98536761334|MARIA JOSEANA COSTA|
|C470|7891317498795|4,000||CX|511,08|060|5929|0,00|0|0|
|C460|2D|00|009060|14012017|434,10|0|0|04880873330|JOSEFA JOANA DA CONCEICAO|
|C470|7897595605955|3,000||CX|434,10|060|5929|0,00|0|0|
|C460|2D|00|009061|14012017|338,90|0|0|02314903307|JOSE DOMICIANO ALVES FILHO|
|C470|7891317457341|2,000||CX|338,90|060|5929|0,00|0|0|
|C460|2D|00|009062|14012017|312,63|0|0|04855369357|MARIA DO CARMO SANTANA  E SOUS|
|C470|7891317421755|3,000||CX|312,63|060|5929|0,00|0|0|
|C460|2D|00|009063|14012017|514,71|0|0|15905411387|ANTONIA ALVES PEREIRA|
|C470|7896206406769|3,000||CX|514,71|060|5929|0,00|0|0|
|C460|2D|00|009064|14012017|177,03|0|0|39588963320|CLEBIO JOSE COSTA|
|C470|7896637022415|3,000||CX|177,03|060|5929|0,00|0|0|
|C460|2D|00|009065|14012017|194,16|0|0|71676325387|JURACI BARROS SILVA|
|C470|7891317411923|4,000||CX|194,16|060|5929|0,00|0|0|
|C460|2D|00|009066|14012017|321,04|0|0|66705614315|GELSA TERESINHA DE SOUSA|
|C470|7897076918307|2,000||CX|321,04|060|5929|0,00|0|0|
|C460|2D|00|009068|14012017|84,78|0|0|96684119353|MARIA JOSEFA CONCEICAO|
|C470|7896658018121|1,000||CX|84,78|060|5929|0,00|0|0|
|C460|2D|00|009069|14012017|166,54|0|0|69603324353|DOMINGAS MARIA DA CONCEICAO|
|C470|7896658015212|1,000||CX|166,54|060|5929|0,00|0|0|
|C460|2D|00|009070|14012017|104,21|0|0|03654369847|CRECENCIO JOAO DA COSTA|
|C470|7891317421755|1,000||CX|104,21|060|5929|0,00|0|0|
|C490|060|5929|0|3159,18|0|0||
|C405|16012017|4|000555|009091|1219971,46|4521,64|
|C420|F1|4521,64|||
|C460|2D|00|009077|16012017|238,40|0|0|01925982360|LOURIVALDO JOSE VELOSO|
|C470|7891317485429|2,000||CX|238,40|060|5929|0,00|0|0|
|C460|2D|00|009078|16012017|214,59|0|0|00629643300|ANATALIA MARIA DE JESUS MENDES|
|C470|7891317485733|1,000||CX|214,59|060|5929|0,00|0|0|
|C460|2D|00|009079|16012017|213,09|0|0|26708025833|FRANCISCO JOAO DE LIMA|
|C470|7891317496760|3,000||CX|213,09|060|5929|0,00|0|0|
|C460|2D|00|009080|16012017|289,40|0|0|01090032331|LUSIMARCOS DIAS DE LIMA|
|C470|7897595605955|2,000||CX|289,40|060|5929|0,00|0|0|
|C460|2D|00|009081|16012017|118,06|0|0|00000000000000||
|C470|7897460400357|2,000||CX|118,06|060|5929|0,00|0|0|
|C460|2D|00|009082|16012017|141,12|0|0|66640849372|GILSON AMANCIO DE SOUSA|
|C470|7896261005747|1,000||CX|141,12|060|5929|0,00|0|0|
|C460|2D|00|009084|16012017|625,84|0|0|00000000000000||
|C470|7891317457341|3,000||CX|508,35|060|5929|0,00|0|0|
|C470|7891317450922|1,000||CX|117,49|060|5929|0,00|0|0|
|C460|2D|00|009085|16012017|514,71|0|0|09902825893|FRANCISCA DA CONCEI€AO SANTOS|
|C470|7896206406769|3,000||CX|514,71|060|5929|0,00|0|0|
|C460|2D|00|009086|16012017|534,36|0|0|03253941302|MARIA DE LOURDES DE CARVALHO|
|C470|7896004742076|3,000||CX|534,36|060|5929|0,00|0|0|
|C460|2D|00|009087|16012017|608,46|0|0|96684119353|MARIA JOSEFA DA CONCEI€AO|
|C470|7894916508971|3,000||CX|608,46|060|5929|0,00|0|0|
|C460|2D|00|009088|16012017|483,85|0|0|04793171354|ALINE MARIA DE SOUSA|
|C470|7896004738390|3,000||CX|339,15|060|5929|0,00|0|0|
|C470|7897595605955|1,000||CX|144,70|060|5929|0,00|0|0|
|C460|2D|00|009089|16012017|539,76|0|0|72526041368|MARIA ALZIRA DOS SANTOS RODRIG|
|C470|7897337706421|3,000||CX|539,76|060|5929|0,00|0|0|
|C490|060|5929|0|4521,64|0|0||
|C405|17012017|4|000556|009108|1225817,96|5846,50|
|C420|OPNF|100,00|||
|C420|F1|5846,50|||
|C460|2D|00|009095|17012017|421,71|0|0|96684119353|MARIA JOSEFA DA CONCEI€AO|
|C470|7895296128162|3,000||CX|421,71|060|5929|0,00|0|0|
|C460|2D|00|009096|17012017|508,35|0|0|04980199500|LUZINETE LEAL DA LUZ NUNES|
|C470|7891317457341|3,000||CX|508,35|060|5929|0,00|0|0|
|C460|2D|00|009097|17012017|514,71|0|0|04793171354|ALINE MARIA DE SOUSA|
|C470|7896206406769|3,000||CX|514,71|060|5929|0,00|0|0|
|C460|2D|00|009098|17012017|339,15|0|0|72526041368|ANA MARIA DE SOUSA BATISTA|
|C470|7896004738390|3,000||CX|339,15|060|5929|0,00|0|0|
|C460|2D|00|009099|17012017|434,10|0|0|72526041368|ANA MARIA DE SOUSA BATISTA|
|C470|7897595605955|3,000||CX|434,10|060|5929|0,00|0|0|
|C460|2D|00|009100|17012017|312,63|0|0|01752556364|GELSON DA SILVA VELOSO|
|C470|7891317421755|3,000||CX|312,63|060|5929|0,00|0|0|
|C460|2D|00|009101|17012017|352,47|0|0|91028973349|VALDELICE DA CONCEI€AO SILVA S|
|C470|7891317450922|3,000||CX|352,47|060|5929|0,00|0|0|
|C460|2D|00|009102|17012017|649,47|0|0|00519580311|EUNICE ALVES SANTOS|
|C470|7891317003739|3,000||CX|339,57|060|5929|0,00|0|0|
|C470|7891317441531|1,000||CX|309,90|060|5929|0,00|0|0|
|C460|2D|00|009103|17012017|929,70|0|0|00000000000000||
|C470|7891317441531|3,000||CX|929,70|060|5929|0,00|0|0|
|C460|2D|00|009104|17012017|539,76|0|0|12466837846|LUCIVAL  COELHO RODRIGUES|
|C470|7897337706421|3,000||CX|539,76|060|5929|0,00|0|0|
|C460|2D|00|009105|17012017|339,57|0|0|73071323387|MARIA EVANILDES MENDES DE OLIV|
|C470|7891317003739|3,000||CX|339,57|060|5929|0,00|0|0|
|C460|2D|00|009106|17012017|504,88|0|0|04855369357|MARIA DO CARMO SANTANA|
|C470|7896241243558|3,000||CX|174,27|060|5929|0,00|0|0|
|C470|7897337706568|1,000||CX|127,81|060|5929|0,00|0|0|
|C470|7896206425906|1,000||CX|202,80|060|5929|0,00|0|0|
|C490|060|5929|0|5846,50|0|0||
|C405|18012017|4|000557|009125|1230805,41|4987,45|
|C420|OPNF|20,00|||
|C420|F1|4987,45|||
|C460|2D|00|009112|18012017|511,08|0|0|04102716327|ISRAEL GOMES VELOSO|
|C470|7891317498795|4,000||CX|511,08|060|5929|0,00|0|0|
|C460|2D|00|009113|18012017|481,56|0|0|50936514434|FRANCISCO DE ASSIS LIMA|
|C470|7897076918307|3,000||CX|481,56|060|5929|0,00|0|0|
|C460|2D|00|009114|18012017|363,72|0|0|64077179300|JOSE JOAO DA SILVA|
|C470|7898505090434|3,000||CX|363,72|060|5929|0,00|0|0|
|C460|2D|00|009115|18012017|508,35|0|0|03605456375|ELIZANGELA MARIA DE JESUS OLIV|
|C470|7891317457341|3,000||CX|508,35|060|5929|0,00|0|0|
|C460|2D|00|009116|18012017|302,68|0|0|03774599335|FRANCISCA MARIA DE CARVALHO|
|C470|7891317421748|4,000||CX|302,68|060|5929|0,00|0|0|
|C460|2D|00|009117|18012017|491,52|0|0|28825138873|ANA CLAUDIA DA SILVA|
|C470|7896641808432|2,000||CX|491,52|060|5929|0,00|0|0|
|C460|2D|00|009118|18012017|662,46|0|0|02902037325|MARIA JOSE DA CONCEICAO COSTA|
|C470|7896658015205|3,000||CX|662,46|060|5929|0,00|0|0|
|C460|2D|00|009119|18012017|257,31|0|0|04880873330|JOSEFA JOANA DA CONCEICAO|
|C470|7896206402877|3,000||CX|257,31|060|5929|0,00|0|0|
|C460|2D|00|009120|18012017|237,78|0|0|04855369357|MARIA DO CARMO SANTANA|
|C470|7891317003715|3,000||CX|237,78|060|5929|0,00|0|0|
|C460|2D|00|009121|18012017|415,14|0|0|15905411387|ANTONIO ALVES PEREIRA|
|C470|7894916503488|3,000||CX|415,14|060|5929|0,00|0|0|
|C460|2D|00|009122|18012017|434,10|0|0|39588963320|CLEBIO JOSE DA COSTA|
|C470|7897595605955|3,000||CX|434,10|060|5929|0,00|0|0|
|C460|2D|00|009123|18012017|321,75|0|0|71676325387|JURACI DE BARROS SILVA|
|C470|7896112440246|3,000||CX|321,75|060|5929|0,00|0|0|
|C490|060|5929|0|4987,45|0|0||
|C405|19012017|4|000558|009146|1235797,69|4992,28|
|C420|OPNF|0,01|||
|C420|F1|4992,28|||
|C460|2D|00|009130|19012017|541,06|0|0|04943824307|FRANCISCO ANTONIO DO NASCIMENT|
|C470|7896261015609|2,000||CX|318,40|060|5929|0,00|0|0|
|C470|7896641805943|6,000||CX|104,58|060|5929|0,00|0|0|
|C470|7896241225530|3,000||CX|118,08|060|5929|0,00|0|0|
|C460|2D|00|009131|19012017|97,05|0|0|81844352315|JOSE CESARIO DE LIMA|
|C470|7896658003653|3,000||CX|97,05|060|5929|0,00|0|0|
|C460|2D|00|009132|19012017|128,08|0|0|30707959861|TADEU JOSE BATISTA|
|C470|7898040321420|4,000||CX|128,08|060|5929|0,00|0|0|
|C460|2D|00|009133|19012017|393,84|0|0|03366976357|CELINA BARBOSA DE CARVALHO|
|C470|7891142115973|4,000||CX|393,84|060|5929|0,00|0|0|
|C460|2D|00|009134|19012017|58,08|0|0|03822553301|MARCILENE FRANCISCA ALVES|
|C470|7896658003523|2,000||CX|19,86|060|5929|0,00|0|0|
|C470|7896658003554|2,000||CX|38,22|060|5929|0,00|0|0|
|C460|2D|00|009136|19012017|343,08|0|0|01849726396|MARIA GLORIA LEAL|
|C470|7896206402877|4,000||CX|343,08|060|5929|0,00|0|0|
|C460|2D|00|009137|19012017|434,10|0|0|91028973349|VALDELICE DA CONCEICAO SILVA S|
|C470|7897595605955|3,000||CX|434,10|060|5929|0,00|0|0|
|C460|2D|00|009138|19012017|481,56|0|0|00519580311|EUNICE ALVES SANTOS|
|C470|7897076918307|3,000||CX|481,56|060|5929|0,00|0|0|
|C460|2D|00|009139|19012017|363,72|0|0|00000000000000||
|C470|7898505090434|3,000||CX|363,72|060|5929|0,00|0|0|
|C460|2D|00|009140|19012017|227,01|0|0|28975561372|JOSE DEDICO DA COSTA|
|C470|7891317421748|3,000||CX|227,01|060|5929|0,00|0|0|
|C460|2D|00|009141|19012017|338,90|0|0|12466837846|LUCIVAL COELHO RODRIGUES|
|C470|7891317457341|2,000||CX|338,90|060|5929|0,00|0|0|
|C460|2D|00|009142|19012017|237,78|0|0|73071323387|MARIA EVANILDES MENDES DE OLIV|
|C470|7891317003715|3,000||CX|237,78|060|5929|0,00|0|0|
|C460|2D|00|009144|19012017|1348,02|0|0|03138425313|JOSEFA BATISTA DE LIIMA|
|C470|7896658015205|3,000||CX|662,46|060|5929|0,00|0|0|
|C470|7896641808456|2,000||CX|685,56|060|5929|0,00|0|0|
|C490|060|5929|0|4992,28|0|0||
|C405|20012017|4|000559|009164|1240575,28|4777,59|
|C420|OPNF|10,00|||
|C420|F1|4777,59|||
|C460|2D|00|009150|20012017|178,12|0|0|00000000000000||
|C470|7896004742076|1,000||CX|178,12|060|5929|0,00|0|0|
|C460|2D|00|009151|20012017|169,45|0|0|03138425313|JOSEFA BATISTA DE LIMA|
|C470|7891317457341|1,000||CX|169,45|060|5929|0,00|0|0|
|C460|2D|00|009152|20012017|608,46|0|0|02896652809|RAFAEL JOSE LOPES|
|C470|7894916508971|3,000||CX|608,46|060|5929|0,00|0|0|
|C460|2D|00|009153|20012017|339,15|0|0|04855369357|MARIA DO CARMO SANTANA|
|C470|7896004738390|3,000||CX|339,15|060|5929|0,00|0|0|
|C460|2D|00|009154|20012017|352,47|0|0|15905411387|ANTONIO ALVES PAREIRA|
|C470|7891317450922|3,000||CX|352,47|060|5929|0,00|0|0|
|C460|2D|00|009155|20012017|884,07|0|0|39588963320|CLEBIO JOSE DA COSTA|
|C470|7891317003739|3,000||CX|339,57|060|5929|0,00|0|0|
|C470|7896206406769|1,000||CX|171,57|060|5929|0,00|0|0|
|C470|7897337709026|1,000||CX|155,53|060|5929|0,00|0|0|
|C470|7891317421755|1,000||CX|104,21|060|5929|0,00|0|0|
|C470|7891317003739|1,000||CX|113,19|060|5929|0,00|0|0|
|C460|2D|00|009157|20012017|481,56|0|0|09211289831|HELENA DOS REIS XAVIER E SILVA|
|C470|7897076918307|3,000||CX|481,56|060|5929|0,00|0|0|
|C460|2D|00|009158|20012017|434,10|0|0|91197244387|MARIA JOSE DE JESUS|
|C470|7897595605955|3,000||CX|434,10|060|5929|0,00|0|0|
|C460|2D|00|009159|20012017|338,90|0|0|01929517343|VILMA DA COSTA RIBEIRO|
|C470|7891317457341|2,000||CX|338,90|060|5929|0,00|0|0|
|C460|2D|00|009160|20012017|257,31|0|0|03654369847|CRECENCIO JOAO DA COSTA|
|C470|7896206402877|3,000||CX|257,31|060|5929|0,00|0|0|
|C460|2D|00|009161|20012017|491,52|0|0|69603324353|MARIA DA CONCEICAO CARVALHO|
|C470|7896641808432|2,000||CX|491,52|060|5929|0,00|0|0|
|C460|2D|00|009162|20012017|242,48|0|0|93848900300|DOMINGAS MARIA DA CONCEICAO|
|C470|7898505090434|2,000||CX|242,48|060|5929|0,00|0|0|
|C490|060|5929|0|4777,59|0|0||
|C405|21012017|4|000560|009178|1242260,40|1685,12|
|C420|OPNF|10,00|||
|C420|F1|1685,12|||
|C460|2D|00|009168|21012017|214,59|0|0|90060881372|MARIA DE FATIMA ALVES COSTA|
|C470|7891317485733|1,000||CX|214,59|060|5929|0,00|0|0|
|C460|2D|00|009169|21012017|238,40|0|0|00291339395|MARIA DAS MERCES DE ANDRADE|
|C470|7891317485429|2,000||CX|238,40|060|5929|0,00|0|0|
|C460|2D|00|009170|21012017|230,40|0|0|89465830372|MARIA DALVA DA CONCEICAO ALVES|
|C470|7894916507585|1,000||CX|230,40|060|5929|0,00|0|0|
|C460|2D|00|009171|21012017|142,06|0|0|87513161372|CLAUDIO PEREIRA DA SILVA|
|C470|7891317496760|2,000||CX|142,06|060|5929|0,00|0|0|
|C460|2D|00|009172|21012017|289,40|0|0|00000000000000||
|C470|7897595605955|2,000||CX|289,40|060|5929|0,00|0|0|
|C460|2D|00|009173|21012017|76,68|0|0|02977709347|MARIA DE FATIMA TELES VELOSO|
|C470|7891317468057|2,000||CX|76,68|060|5929|0,00|0|0|
|C460|2D|00|009174|21012017|134,12|0|0|03053322366|PATRICIA GOMES VIERA|
|C470|7896658011924|2,000||CX|134,12|060|5929|0,00|0|0|
|C460|2D|00|009175|21012017|129,70|0|0|01143984374|FABIO BERNARDO DE LACERDA|
|C470|7891158000898|2,000||CX|129,70|060|5929|0,00|0|0|
|C460|2D|00|009176|21012017|229,77|0|0|06885593362|FBIO JOAO DE LIMA RIBEIRO|
|C470|7898040321512|3,000||CX|229,77|060|5929|0,00|0|0|
|C490|060|5929|0|1685,12|0|0||
|C405|23012017|4|000561|009195|1247250,20|4989,80|
|C420|OPNF|20,00|||
|C420|F1|4989,80|||
|C460|2D|00|009182|23012017|511,08|0|0|04880873330|JOSEFA JOANA DA CONCEICAO|
|C470|7891317498795|4,000||CX|511,08|060|5929|0,00|0|0|
|C460|2D|00|009183|23012017|434,10|0|0|04855369357|MARIA DO CARMO SANATANA|
|C470|7897595605955|3,000||CX|434,10|060|5929|0,00|0|0|
|C460|2D|00|009184|23012017|642,08|0|0|15905411387|ANTONIO ALVES PEREIRA|
|C470|7897076918307|4,000||CX|642,08|060|5929|0,00|0|0|
|C460|2D|00|009185|23012017|514,71|0|0|39588963320|CLEBIO JOSE DA COSTA|
|C470|7896206406769|3,000||CX|514,71|060|5929|0,00|0|0|
|C460|2D|00|009186|23012017|213,09|0|0|71676325387|JURACI DE BAROS SILVA|
|C470|7891317496760|3,000||CX|213,09|060|5929|0,00|0|0|
|C460|2D|00|009187|23012017|508,35|0|0|04760826335|ANA MARIA DE LACERDA|
|C470|7891317457341|3,000||CX|508,35|060|5929|0,00|0|0|
|C460|2D|00|009188|23012017|227,01|0|0|78492785349|ROSIMAR CANDIDA DA COSTA|
|C470|7891317421748|3,000||CX|227,01|060|5929|0,00|0|0|
|C460|2D|00|009189|23012017|363,72|0|0|03156626384|BERNARDINO LUCIO DE FIGUEIREDO|
|C470|7898505090434|3,000||CX|363,72|060|5929|0,00|0|0|
|C460|2D|00|009190|23012017|383,31|0|0|96684119353|MARIA JOSEFA DA CONCEICAO|
|C470|7891317498795|3,000||CX|383,31|060|5929|0,00|0|0|
|C460|2D|00|009191|23012017|194,16|0|0|04980199500|LUZINETE LEAL DA LUZ NUNES|
|C470|7891317411923|4,000||CX|194,16|060|5929|0,00|0|0|
|C460|2D|00|009192|23012017|312,63|0|0|04793171354|ALINE MARIA DE SOUSA|
|C470|7891317421755|3,000||CX|312,63|060|5929|0,00|0|0|
|C460|2D|00|009193|23012017|685,56|0|0|03099274399|ANA MARIA DE SOUSA BATISTA|
|C470|7896641808456|2,000||CX|685,56|060|5929|0,00|0|0|
|C490|060|5929|0|4989,80|0|0||
|C405|24012017|4|000562|009213|1252197,42|4947,22|
|C420|OPNF|10,00|||
|C420|F1|4947,22|||
|C460|2D|00|009199|24012017|421,71|0|0|91028973349|VALDELICE DA CONCEI€AO SILVA S|
|C470|7895296128162|3,000||CX|421,71|060|5929|0,00|0|0|
|C460|2D|00|009200|24012017|352,47|0|0|00519580311|EUNICE ALVES SANTOS|
|C470|7891317450922|3,000||CX|352,47|060|5929|0,00|0|0|
|C460|2D|00|009201|24012017|514,71|0|0|00000000000000||
|C470|7896206406769|3,000||CX|514,71|060|5929|0,00|0|0|
|C460|2D|00|009202|24012017|508,35|0|0|05122920354|VIVIANE DE CARVALHO|
|C470|7891317457341|3,000||CX|508,35|060|5929|0,00|0|0|
|C460|2D|00|009203|24012017|339,57|0|0|05115371316|JOSE FAGNER SILVA|
|C470|7891317003739|3,000||CX|339,57|060|5929|0,00|0|0|
|C460|2D|00|009204|24012017|539,76|0|0|15905411387|ANTONIO ALVES PEEIRA|
|C470|7897337706421|3,000||CX|539,76|060|5929|0,00|0|0|
|C460|2D|00|009206|24012017|511,08|0|0|01849726396|MARIA GLORIA LEAL|
|C470|7891317498795|4,000||CX|511,08|060|5929|0,00|0|0|
|C460|2D|00|009207|24012017|481,56|0|0|91028973349|VALDELICE DA CONCEICAO SILVA S|
|C470|7897076918307|3,000||CX|481,56|060|5929|0,00|0|0|
|C460|2D|00|009208|24012017|508,35|0|0|00519580311|EUNICE ALVES SANTOS|
|C470|7891317457341|3,000||CX|508,35|060|5929|0,00|0|0|
|C460|2D|00|009209|24012017|242,48|0|0|00000000000000||
|C470|7898505090434|2,000||CX|242,48|060|5929|0,00|0|0|
|C460|2D|00|009210|24012017|289,40|0|0|66668107320|ANA CLEUMA DE CARVALHO|
|C470|7897595605955|2,000||CX|289,40|060|5929|0,00|0|0|
|C460|2D|00|009211|24012017|237,78|0|0|03265453367|EDJANE DE FRAN€A PAIVA|
|C470|7891317003715|3,000||CX|237,78|060|5929|0,00|0|0|
|C490|060|5929|0|4947,22|0|0||
|C405|26012017|4|000563|009235|1256448,51|4251,09|
|C420|OPNF|1,00|||
|C420|F1|4251,09|||
|C460|2D|00|009219|26012017|214,59|0|0|07953329395|STEFFANY DIAS DE LIMA|
|C470|7891317485733|1,000||CX|214,59|060|5929|0,00|0|0|
|C460|2D|00|009220|26012017|119,20|0|0|00278330380|JULIA ANA DE CARVALHO VELOSO|
|C470|7891317485429|1,000||CX|119,20|060|5929|0,00|0|0|
|C460|2D|00|009221|26012017|230,40|0|0|00000000000000||
|C470|7894916507585|1,000||CX|230,40|060|5929|0,00|0|0|
|C460|2D|00|009222|26012017|25,48|0|0|05983020340|EMANUEL REINALDO DE CARVALHO S|
|C470|7896658005930|1,000||CX|25,48|060|5929|0,00|0|0|
|C460|2D|00|009223|26012017|72,33|0|0|99160986387|FRANCISCA LOURENCA DE SOUSA SA|
|C470|7896548197967|1,000||CX|72,33|060|5929|0,00|0|0|
|C460|2D|00|009224|26012017|113,19|0|0|05289285385|JOSE IVAN DE SOUSA|
|C470|7891317003739|1,000||CX|113,19|060|5929|0,00|0|0|
|C460|2D|00|009226|26012017|103,48|0|0|21699755353|RAUL FRANCISCO LEAL|
|C470|7896070600669|6,000||CX|48,96|060|5929|0,00|0|0|
|C470|7896241221853|4,000||CX|54,52|060|5929|0,00|0|0|
|C460|2D|00|009227|26012017|200,40|0|0|79091172304|CARLOS AUGUSTO DOMINGOS DA SIL|
|C470|7891142115614|4,000||CX|182,20|060|5929|0,00|0|0|
|C470|7897595900678|2,000||CX|18,20|060|5929|0,00|0|0|
|C460|2D|00|009228|26012017|508,35|0|0|91028973349|VALDELICE DA CONCEI€AO SILVA S|
|C470|7891317457341|3,000||CX|508,35|060|5929|0,00|0|0|
|C460|2D|00|009229|26012017|514,71|0|0|00519580311|EUNICE ALVES SANTOS|
|C470|7896206406769|3,000||CX|514,71|060|5929|0,00|0|0|
|C460|2D|00|009230|26012017|339,57|0|0|00000000000000||
|C470|7891317003739|3,000||CX|339,57|060|5929|0,00|0|0|
|C460|2D|00|009231|26012017|888,30|0|0|12466837846|LUCIVAL EVANILDES MENDES DE OL|
|C470|7895296128162|3,000||CX|421,71|060|5929|0,00|0|0|
|C470|7897337709026|3,000||CX|466,59|060|5929|0,00|0|0|
|C460|2D|00|009232|26012017|312,63|0|0|15905411387|ANTONIO ALVES PEREIRA|
|C470|7891317421755|3,000||CX|312,63|060|5929|0,00|0|0|
|C460|2D|00|009233|26012017|608,46|0|0|04855369357|MARIA DO CARMO SANTANA|
|C470|7894916508971|3,000||CX|608,46|060|5929|0,00|0|0|
|C490|060|5929|0|4251,09|0|0||
|C405|27012017|4|000564|009253|1261482,61|5034,10|
|C420|OPNF|0,01|||
|C420|F1|5034,10|||
|C460|2D|00|009239|27012017|261,25|0|0|00364195320|MARIA HILDA DE PAIVA COSTA|
|C470|7896317900408|5,000||CX|261,25|060|5929|0,00|0|0|
|C460|2D|00|009240|27012017|368,16|0|0|65568087334|MARIA JOSE DA SILVA CARVALHO|
|C470|7898168007015|2,000||CX|43,08|060|5929|0,00|0|0|
|C470|7896026300117|12,000||CX|158,76|060|5929|0,00|0|0|
|C470|7896026301428|12,000||CX|166,32|060|5929|0,00|0|0|
|C460|2D|00|009241|27012017|154,77|0|0|00293762384|JESSINES DE FIGUEIREDO ALVES|
|C470|7896472502943|3,000||CX|81,75|060|5929|0,00|0|0|
|C470|7896070600447|6,000||CX|73,02|060|5929|0,00|0|0|
|C460|2D|00|009242|27012017|236,07|0|0|90461673304|VERA LUCIA JUSTINA DE SOUSA|
|C470|7896637023115|3,000||CX|60,75|060|5929|0,00|0|0|
|C470|7891317461331|6,000||CX|175,32|060|5929|0,00|0|0|
|C460|2D|00|009243|27012017|277,92|0|0|74723537368|FRANCISCO DIAS DE LACERDA|
|C470|7898040321253|6,000||CX|277,92|060|5929|0,00|0|0|
|C460|2D|00|009244|27012017|155,65|0|0|86577123349|FRANCISCA JOSEFA DE CARVALHO|
|C470|7893353036382|5,000||CX|155,65|060|5929|0,00|0|0|
|C460|2D|00|009246|27012017|511,08|0|0|04855369357|MARIA DO CARMO SANTANA|
|C470|7891317498795|4,000||CX|511,08|060|5929|0,00|0|0|
|C460|2D|00|009247|27012017|578,80|0|0|15905411387|ANTONIO ALVES PEREIRA|
|C470|7897595605955|4,000||CX|578,80|060|5929|0,00|0|0|
|C460|2D|00|009248|27012017|484,96|0|0|39588963320|CLEBIO JOSE DA COSTA|
|C470|7898505090434|4,000||CX|484,96|060|5929|0,00|0|0|
|C460|2D|00|009249|27012017|642,08|0|0|71676325387|JURACI DE BARROS SILVA|
|C470|7897076918307|4,000||CX|642,08|060|5929|0,00|0|0|
|C460|2D|00|009250|27012017|685,56|0|0|04760826335|ANA MARIA DE LACERDA|
|C470|7896641808456|2,000||CX|685,56|060|5929|0,00|0|0|
|C460|2D|00|009251|27012017|677,80|0|0|78492785349|ROSIMAR CANDIDA DA COSTA|
|C470|7891317457341|4,000||CX|677,80|060|5929|0,00|0|0|
|C490|060|5929|0|5034,10|0|0||
|C405|28012017|4|000565|009265|1263853,78|2371,17|
|C420|OPNF|20,00|||
|C420|F1|2371,17|||
|C460|2D|00|009257|28012017|511,08|0|0|04880873330|JOSEFA JOANA DA CONCEICAO|
|C470|7891317498795|4,000||CX|511,08|060|5929|0,00|0|0|
|C460|2D|00|009258|28012017|578,80|0|0|00000000000000||
|C470|7897595605955|4,000||CX|578,80|060|5929|0,00|0|0|
|C460|2D|00|009259|28012017|338,90|0|0|15905411387|ANTONIO ALVES PEREIRA|
|C470|7891317457341|2,000||CX|338,90|060|5929|0,00|0|0|
|C460|2D|00|009260|28012017|491,52|0|0|39588963320|CLEBIO JOSE DA COSTA|
|C470|7896641808432|2,000||CX|491,52|060|5929|0,00|0|0|
|C460|2D|00|009261|28012017|213,09|0|0|71676325387|JURACI DE BARROS SILVA|
|C470|7891317496760|3,000||CX|213,09|060|5929|0,00|0|0|
|C460|2D|00|009262|28012017|237,78|0|0|04760826335|ANA MARIA DE LACERDA|
|C470|7891317003715|3,000||CX|237,78|060|5929|0,00|0|0|
|C490|060|5929|0|2371,17|0|0||
|C405|30012017|4|000566|009271|1263912,79|59,01|
|C420|OPNF|20,00|||
|C420|F1|59,01|||
|C460|2D|00|009269|30012017|59,01|0|0|04760826335|ANA MARIA DE LACERDA|
|C470|7896637022415|1,000||CX|59,01|060|5929|0,00|0|0|
|C490|060|5929|0|59,01|0|0||
